/*--------------------------------*- C++ -*----------------------------------*\
  =========                 |
  \\      /  F ield         | OpenFOAM: The Open Source CFD Toolbox
   \\    /   O peration     | Website:  https://openfoam.org
    \\  /    A nd           | Version:  13
     \\/     M anipulation  |
\*---------------------------------------------------------------------------*/
FoamFile
{
    format      ascii;
    class       labelList;
    note        "nPoints: 11842 nCells: 5720 nFaces: 23080 nInternalFaces: 11240";
    location    "constant/polyMesh";
    object      neighbour;
}
// * * * * * * * * * * * * * * * * * * * * * * * * * * * * * * * * * * * * * //


11240
(
1
28
2
29
3
30
4
31
5
32
6
33
7
34
8
35
9
36
10
37
11
38
12
39
13
40
14
41
15
42
16
43
17
44
18
45
19
46
20
47
21
48
22
49
23
50
24
51
25
52
26
53
27
54
55
1456
29
56
30
57
31
58
32
59
33
60
34
61
35
62
36
63
37
64
38
65
39
66
40
67
41
68
42
69
43
70
44
71
45
72
46
73
47
74
48
75
49
76
50
77
51
78
52
79
53
80
54
81
55
82
83
1466
57
84
58
85
59
86
60
87
61
88
62
89
63
90
64
91
65
92
66
93
67
94
68
95
69
96
70
97
71
98
72
99
73
100
74
101
75
102
76
103
77
104
78
105
79
106
80
107
81
108
82
109
83
110
111
1476
85
112
86
113
87
114
88
115
89
116
90
117
91
118
92
119
93
120
94
121
95
122
96
123
97
124
98
125
99
126
100
127
101
128
102
129
103
130
104
131
105
132
106
133
107
134
108
135
109
136
110
137
111
138
139
1486
113
140
114
141
115
142
116
143
117
144
118
145
119
146
120
147
121
148
122
149
123
150
124
151
125
152
126
153
127
154
128
155
129
156
130
157
131
158
132
159
133
160
134
161
135
162
136
163
137
164
138
165
139
166
167
1496
141
168
142
169
143
170
144
171
145
172
146
173
147
174
148
175
149
176
150
177
151
178
152
179
153
180
154
181
155
182
156
183
157
184
158
185
159
186
160
187
161
188
162
189
163
190
164
191
165
192
166
193
167
194
195
1506
169
196
170
197
171
198
172
199
173
200
174
201
175
202
176
203
177
204
178
205
179
206
180
207
181
208
182
209
183
210
184
211
185
212
186
213
187
214
188
215
189
216
190
217
191
218
192
219
193
220
194
221
195
222
223
1516
197
224
198
225
199
226
200
227
201
228
202
229
203
230
204
231
205
232
206
233
207
234
208
235
209
236
210
237
211
238
212
239
213
240
214
241
215
242
216
243
217
244
218
245
219
246
220
247
221
248
222
249
223
250
251
1526
225
252
226
253
227
254
228
255
229
256
230
257
231
258
232
259
233
260
234
261
235
262
236
263
237
264
238
265
239
266
240
267
241
268
242
269
243
270
244
271
245
272
246
273
247
274
248
275
249
276
250
277
251
278
279
1536
253
280
254
281
255
282
256
283
257
284
258
285
259
286
260
287
261
288
262
289
263
290
264
291
265
292
266
293
267
294
268
295
269
296
270
297
271
298
272
299
273
300
274
301
275
302
276
303
277
304
278
305
279
306
307
1546
281
308
282
309
283
310
284
311
285
312
286
313
287
314
288
315
289
316
290
317
291
318
292
319
293
320
294
321
295
322
296
323
297
324
298
325
299
326
300
327
301
328
302
329
303
330
304
331
305
332
306
333
307
334
335
1556
309
336
310
337
311
338
312
339
313
340
314
341
315
342
316
343
317
344
318
345
319
346
320
347
321
348
322
349
323
350
324
351
325
352
326
353
327
354
328
355
329
356
330
357
331
358
332
359
333
360
334
361
335
362
363
1566
337
364
338
365
339
366
340
367
341
368
342
369
343
370
344
371
345
372
346
373
347
374
348
375
349
376
350
377
351
378
352
379
353
380
354
381
355
382
356
383
357
384
358
385
359
386
360
387
361
388
362
389
363
390
391
1576
365
392
366
393
367
394
368
395
369
396
370
397
371
398
372
399
373
400
374
401
375
402
376
403
377
404
378
405
379
406
380
407
381
408
382
409
383
410
384
411
385
412
386
413
387
414
388
415
389
416
390
417
391
418
419
1586
393
420
394
421
395
422
396
423
397
424
398
425
399
426
400
427
401
428
402
429
403
430
404
431
405
432
406
433
407
434
408
435
409
436
410
437
411
438
412
439
413
440
414
441
415
442
416
443
417
444
418
445
419
446
447
1596
421
422
423
424
425
426
427
428
429
430
431
432
433
434
435
436
437
438
439
440
441
442
443
444
445
446
447
1606
449
476
450
477
451
478
452
479
453
480
454
481
455
482
456
483
457
484
458
485
459
486
460
487
461
488
462
489
463
490
464
491
465
492
466
493
467
494
468
495
469
496
470
497
471
498
472
499
473
500
474
501
475
502
503
1616
477
504
478
505
479
506
480
507
481
508
482
509
483
510
484
511
485
512
486
513
487
514
488
515
489
516
490
517
491
518
492
519
493
520
494
521
495
522
496
523
497
524
498
525
499
526
500
527
501
528
502
529
503
530
531
1626
505
532
506
533
507
534
508
535
509
536
510
537
511
538
512
539
513
540
514
541
515
542
516
543
517
544
518
545
519
546
520
547
521
548
522
549
523
550
524
551
525
552
526
553
527
554
528
555
529
556
530
557
531
558
559
1636
533
560
534
561
535
562
536
563
537
564
538
565
539
566
540
567
541
568
542
569
543
570
544
571
545
572
546
573
547
574
548
575
549
576
550
577
551
578
552
579
553
580
554
581
555
582
556
583
557
584
558
585
559
586
587
1646
561
588
562
589
563
590
564
591
565
592
566
593
567
594
568
595
569
596
570
597
571
598
572
599
573
600
574
601
575
602
576
603
577
604
578
605
579
606
580
607
581
608
582
609
583
610
584
611
585
612
586
613
587
614
615
1656
589
616
590
617
591
618
592
619
593
620
594
621
595
622
596
623
597
624
598
625
599
626
600
627
601
628
602
629
603
630
604
631
605
632
606
633
607
634
608
635
609
636
610
637
611
638
612
639
613
640
614
641
615
642
643
1666
617
644
618
645
619
646
620
647
621
648
622
649
623
650
624
651
625
652
626
653
627
654
628
655
629
656
630
657
631
658
632
659
633
660
634
661
635
662
636
663
637
664
638
665
639
666
640
667
641
668
642
669
643
670
671
1676
645
672
646
673
647
674
648
675
649
676
650
677
651
678
652
679
653
680
654
681
655
682
656
683
657
684
658
685
659
686
660
687
661
688
662
689
663
690
664
691
665
692
666
693
667
694
668
695
669
696
670
697
671
698
699
1686
673
700
674
701
675
702
676
703
677
704
678
705
679
706
680
707
681
708
682
709
683
710
684
711
685
712
686
713
687
714
688
715
689
716
690
717
691
718
692
719
693
720
694
721
695
722
696
723
697
724
698
725
699
726
727
1696
701
728
702
729
703
730
704
731
705
732
706
733
707
734
708
735
709
736
710
737
711
738
712
739
713
740
714
741
715
742
716
743
717
744
718
745
719
746
720
747
721
748
722
749
723
750
724
751
725
752
726
753
727
754
755
1706
729
756
730
757
731
758
732
759
733
760
734
761
735
762
736
763
737
764
738
765
739
766
740
767
741
768
742
769
743
770
744
771
745
772
746
773
747
774
748
775
749
776
750
777
751
778
752
779
753
780
754
781
755
782
783
1716
757
784
758
785
759
786
760
787
761
788
762
789
763
790
764
791
765
792
766
793
767
794
768
795
769
796
770
797
771
798
772
799
773
800
774
801
775
802
776
803
777
804
778
805
779
806
780
807
781
808
782
809
783
810
811
1726
785
812
786
813
787
814
788
815
789
816
790
817
791
818
792
819
793
820
794
821
795
822
796
823
797
824
798
825
799
826
800
827
801
828
802
829
803
830
804
831
805
832
806
833
807
834
808
835
809
836
810
837
811
838
839
1736
813
840
814
841
815
842
816
843
817
844
818
845
819
846
820
847
821
848
822
849
823
850
824
851
825
852
826
853
827
854
828
855
829
856
830
857
831
858
832
859
833
860
834
861
835
862
836
863
837
864
838
865
839
866
867
1746
841
868
842
869
843
870
844
871
845
872
846
873
847
874
848
875
849
876
850
877
851
878
852
879
853
880
854
881
855
882
856
883
857
884
858
885
859
886
860
887
861
888
862
889
863
890
864
891
865
892
866
893
867
894
895
1756
869
896
870
897
871
898
872
899
873
900
874
901
875
902
876
903
877
904
878
905
879
906
880
907
881
908
882
909
883
910
884
911
885
912
886
913
887
914
888
915
889
916
890
917
891
918
892
919
893
920
894
921
895
922
923
1766
897
924
898
925
899
926
900
927
901
928
902
929
903
930
904
931
905
932
906
933
907
934
908
935
909
936
910
937
911
938
912
939
913
940
914
941
915
942
916
943
917
944
918
945
919
946
920
947
921
948
922
949
923
950
951
1776
925
952
926
953
927
954
928
955
929
956
930
957
931
958
932
959
933
960
934
961
935
962
936
963
937
964
938
965
939
966
940
967
941
968
942
969
943
970
944
971
945
972
946
973
947
974
948
975
949
976
950
977
951
978
979
1786
953
980
954
981
955
982
956
983
957
984
958
985
959
986
960
987
961
988
962
989
963
990
964
991
965
992
966
993
967
994
968
995
969
996
970
997
971
998
972
999
973
1000
974
1001
975
1002
976
1003
977
1004
978
1005
979
1006
1007
1796
981
1008
982
1009
983
1010
984
1011
985
1012
986
1013
987
1014
988
1015
989
1016
990
1017
991
1018
992
1019
993
1020
994
1021
995
1022
996
1023
997
1024
998
1025
999
1026
1000
1027
1001
1028
1002
1029
1003
1030
1004
1031
1005
1032
1006
1033
1007
1034
1035
1806
1009
1036
1010
1037
1011
1038
1012
1039
1013
1040
1014
1041
1015
1042
1016
1043
1017
1044
1018
1045
1019
1046
1020
1047
1021
1048
1022
1049
1023
1050
1024
1051
1025
1052
1026
1053
1027
1054
1028
1055
1029
1056
1030
1057
1031
1058
1032
1059
1033
1060
1034
1061
1035
1062
1063
1816
1037
1064
1038
1065
1039
1066
1040
1067
1041
1068
1042
1069
1043
1070
1044
1071
1045
1072
1046
1073
1047
1074
1048
1075
1049
1076
1050
1077
1051
1078
1052
1079
1053
1080
1054
1081
1055
1082
1056
1083
1057
1084
1058
1085
1059
1086
1060
1087
1061
1088
1062
1089
1063
1090
1091
1826
1065
1092
1066
1093
1067
1094
1068
1095
1069
1096
1070
1097
1071
1098
1072
1099
1073
1100
1074
1101
1075
1102
1076
1103
1077
1104
1078
1105
1079
1106
1080
1107
1081
1108
1082
1109
1083
1110
1084
1111
1085
1112
1086
1113
1087
1114
1088
1115
1089
1116
1090
1117
1091
1118
1119
1836
1093
1120
1094
1121
1095
1122
1096
1123
1097
1124
1098
1125
1099
1126
1100
1127
1101
1128
1102
1129
1103
1130
1104
1131
1105
1132
1106
1133
1107
1134
1108
1135
1109
1136
1110
1137
1111
1138
1112
1139
1113
1140
1114
1141
1115
1142
1116
1143
1117
1144
1118
1145
1119
1146
1147
1846
1121
1148
1122
1149
1123
1150
1124
1151
1125
1152
1126
1153
1127
1154
1128
1155
1129
1156
1130
1157
1131
1158
1132
1159
1133
1160
1134
1161
1135
1162
1136
1163
1137
1164
1138
1165
1139
1166
1140
1167
1141
1168
1142
1169
1143
1170
1144
1171
1145
1172
1146
1173
1147
1174
1175
1856
1149
1176
1150
1177
1151
1178
1152
1179
1153
1180
1154
1181
1155
1182
1156
1183
1157
1184
1158
1185
1159
1186
1160
1187
1161
1188
1162
1189
1163
1190
1164
1191
1165
1192
1166
1193
1167
1194
1168
1195
1169
1196
1170
1197
1171
1198
1172
1199
1173
1200
1174
1201
1175
1202
1203
1866
1177
1204
1178
1205
1179
1206
1180
1207
1181
1208
1182
1209
1183
1210
1184
1211
1185
1212
1186
1213
1187
1214
1188
1215
1189
1216
1190
1217
1191
1218
1192
1219
1193
1220
1194
1221
1195
1222
1196
1223
1197
1224
1198
1225
1199
1226
1200
1227
1201
1228
1202
1229
1203
1230
1231
1876
1205
1232
1206
1233
1207
1234
1208
1235
1209
1236
1210
1237
1211
1238
1212
1239
1213
1240
1214
1241
1215
1242
1216
1243
1217
1244
1218
1245
1219
1246
1220
1247
1221
1248
1222
1249
1223
1250
1224
1251
1225
1252
1226
1253
1227
1254
1228
1255
1229
1256
1230
1257
1231
1258
1259
1886
1233
1260
1234
1261
1235
1262
1236
1263
1237
1264
1238
1265
1239
1266
1240
1267
1241
1268
1242
1269
1243
1270
1244
1271
1245
1272
1246
1273
1247
1274
1248
1275
1249
1276
1250
1277
1251
1278
1252
1279
1253
1280
1254
1281
1255
1282
1256
1283
1257
1284
1258
1285
1259
1286
1287
1896
1261
1288
1262
1289
1263
1290
1264
1291
1265
1292
1266
1293
1267
1294
1268
1295
1269
1296
1270
1297
1271
1298
1272
1299
1273
1300
1274
1301
1275
1302
1276
1303
1277
1304
1278
1305
1279
1306
1280
1307
1281
1308
1282
1309
1283
1310
1284
1311
1285
1312
1286
1313
1287
1314
1315
1906
1289
1316
1290
1317
1291
1318
1292
1319
1293
1320
1294
1321
1295
1322
1296
1323
1297
1324
1298
1325
1299
1326
1300
1327
1301
1328
1302
1329
1303
1330
1304
1331
1305
1332
1306
1333
1307
1334
1308
1335
1309
1336
1310
1337
1311
1338
1312
1339
1313
1340
1314
1341
1315
1342
1343
1916
1317
1344
1318
1345
1319
1346
1320
1347
1321
1348
1322
1349
1323
1350
1324
1351
1325
1352
1326
1353
1327
1354
1328
1355
1329
1356
1330
1357
1331
1358
1332
1359
1333
1360
1334
1361
1335
1362
1336
1363
1337
1364
1338
1365
1339
1366
1340
1367
1341
1368
1342
1369
1343
1370
1371
1926
1345
1372
1346
1373
1347
1374
1348
1375
1349
1376
1350
1377
1351
1378
1352
1379
1353
1380
1354
1381
1355
1382
1356
1383
1357
1384
1358
1385
1359
1386
1360
1387
1361
1388
1362
1389
1363
1390
1364
1391
1365
1392
1366
1393
1367
1394
1368
1395
1369
1396
1370
1397
1371
1398
1399
1936
1373
1400
1374
1401
1375
1402
1376
1403
1377
1404
1378
1405
1379
1406
1380
1407
1381
1408
1382
1409
1383
1410
1384
1411
1385
1412
1386
1413
1387
1414
1388
1415
1389
1416
1390
1417
1391
1418
1392
1419
1393
1420
1394
1421
1395
1422
1396
1423
1397
1424
1398
1425
1399
1426
1427
1946
1401
1428
1402
1429
1403
1430
1404
1431
1405
1432
1406
1433
1407
1434
1408
1435
1409
1436
1410
1437
1411
1438
1412
1439
1413
1440
1414
1441
1415
1442
1416
1443
1417
1444
1418
1445
1419
1446
1420
1447
1421
1448
1422
1449
1423
1450
1424
1451
1425
1452
1426
1453
1427
1454
1455
1956
1429
1430
1431
1432
1433
1434
1435
1436
1437
1438
1439
1440
1441
1442
1443
1444
1445
1446
1447
1448
1449
1450
1451
1452
1453
1454
1455
1966
1457
1466
1458
1467
1459
1468
1460
1469
1461
1470
1462
1471
1463
1472
1464
1473
1465
1474
1475
1976
1467
1476
1468
1477
1469
1478
1470
1479
1471
1480
1472
1481
1473
1482
1474
1483
1475
1484
1485
2048
1477
1486
1478
1487
1479
1488
1480
1489
1481
1490
1482
1491
1483
1492
1484
1493
1485
1494
1495
2120
1487
1496
1488
1497
1489
1498
1490
1499
1491
1500
1492
1501
1493
1502
1494
1503
1495
1504
1505
2192
1497
1506
1498
1507
1499
1508
1500
1509
1501
1510
1502
1511
1503
1512
1504
1513
1505
1514
1515
2264
1507
1516
1508
1517
1509
1518
1510
1519
1511
1520
1512
1521
1513
1522
1514
1523
1515
1524
1525
2336
1517
1526
1518
1527
1519
1528
1520
1529
1521
1530
1522
1531
1523
1532
1524
1533
1525
1534
1535
2408
1527
1536
1528
1537
1529
1538
1530
1539
1531
1540
1532
1541
1533
1542
1534
1543
1535
1544
1545
2480
1537
1546
1538
1547
1539
1548
1540
1549
1541
1550
1542
1551
1543
1552
1544
1553
1545
1554
1555
2552
1547
1556
1548
1557
1549
1558
1550
1559
1551
1560
1552
1561
1553
1562
1554
1563
1555
1564
1565
2624
1557
1566
1558
1567
1559
1568
1560
1569
1561
1570
1562
1571
1563
1572
1564
1573
1565
1574
1575
2696
1567
1576
1568
1577
1569
1578
1570
1579
1571
1580
1572
1581
1573
1582
1574
1583
1575
1584
1585
2768
1577
1586
1578
1587
1579
1588
1580
1589
1581
1590
1582
1591
1583
1592
1584
1593
1585
1594
1595
2840
1587
1596
1588
1597
1589
1598
1590
1599
1591
1600
1592
1601
1593
1602
1594
1603
1595
1604
1605
2912
1597
1606
1598
1607
1599
1608
1600
1609
1601
1610
1602
1611
1603
1612
1604
1613
1605
1614
1615
2984
1607
1608
1609
1610
1611
1612
1613
1614
1615
3056
1617
1626
1618
1627
1619
1628
1620
1629
1621
1630
1622
1631
1623
1632
1624
1633
1625
1634
1635
3128
1627
1636
1628
1637
1629
1638
1630
1639
1631
1640
1632
1641
1633
1642
1634
1643
1635
1644
1645
3200
1637
1646
1638
1647
1639
1648
1640
1649
1641
1650
1642
1651
1643
1652
1644
1653
1645
1654
1655
3272
1647
1656
1648
1657
1649
1658
1650
1659
1651
1660
1652
1661
1653
1662
1654
1663
1655
1664
1665
3344
1657
1666
1658
1667
1659
1668
1660
1669
1661
1670
1662
1671
1663
1672
1664
1673
1665
1674
1675
3416
1667
1676
1668
1677
1669
1678
1670
1679
1671
1680
1672
1681
1673
1682
1674
1683
1675
1684
1685
3488
1677
1686
1678
1687
1679
1688
1680
1689
1681
1690
1682
1691
1683
1692
1684
1693
1685
1694
1695
3560
1687
1696
1688
1697
1689
1698
1690
1699
1691
1700
1692
1701
1693
1702
1694
1703
1695
1704
1705
3632
1697
1706
1698
1707
1699
1708
1700
1709
1701
1710
1702
1711
1703
1712
1704
1713
1705
1714
1715
3704
1707
1716
1708
1717
1709
1718
1710
1719
1711
1720
1712
1721
1713
1722
1714
1723
1715
1724
1725
3776
1717
1726
1718
1727
1719
1728
1720
1729
1721
1730
1722
1731
1723
1732
1724
1733
1725
1734
1735
3848
1727
1736
1728
1737
1729
1738
1730
1739
1731
1740
1732
1741
1733
1742
1734
1743
1735
1744
1745
3920
1737
1746
1738
1747
1739
1748
1740
1749
1741
1750
1742
1751
1743
1752
1744
1753
1745
1754
1755
3992
1747
1756
1748
1757
1749
1758
1750
1759
1751
1760
1752
1761
1753
1762
1754
1763
1755
1764
1765
4064
1757
1766
1758
1767
1759
1768
1760
1769
1761
1770
1762
1771
1763
1772
1764
1773
1765
1774
1775
4136
1767
1776
1768
1777
1769
1778
1770
1779
1771
1780
1772
1781
1773
1782
1774
1783
1775
1784
1785
4208
1777
1786
1778
1787
1779
1788
1780
1789
1781
1790
1782
1791
1783
1792
1784
1793
1785
1794
1795
4280
1787
1796
1788
1797
1789
1798
1790
1799
1791
1800
1792
1801
1793
1802
1794
1803
1795
1804
1805
4352
1797
1806
1798
1807
1799
1808
1800
1809
1801
1810
1802
1811
1803
1812
1804
1813
1805
1814
1815
4424
1807
1816
1808
1817
1809
1818
1810
1819
1811
1820
1812
1821
1813
1822
1814
1823
1815
1824
1825
4496
1817
1826
1818
1827
1819
1828
1820
1829
1821
1830
1822
1831
1823
1832
1824
1833
1825
1834
1835
4568
1827
1836
1828
1837
1829
1838
1830
1839
1831
1840
1832
1841
1833
1842
1834
1843
1835
1844
1845
4640
1837
1846
1838
1847
1839
1848
1840
1849
1841
1850
1842
1851
1843
1852
1844
1853
1845
1854
1855
4712
1847
1856
1848
1857
1849
1858
1850
1859
1851
1860
1852
1861
1853
1862
1854
1863
1855
1864
1865
4784
1857
1866
1858
1867
1859
1868
1860
1869
1861
1870
1862
1871
1863
1872
1864
1873
1865
1874
1875
4856
1867
1876
1868
1877
1869
1878
1870
1879
1871
1880
1872
1881
1873
1882
1874
1883
1875
1884
1885
4928
1877
1886
1878
1887
1879
1888
1880
1889
1881
1890
1882
1891
1883
1892
1884
1893
1885
1894
1895
5000
1887
1896
1888
1897
1889
1898
1890
1899
1891
1900
1892
1901
1893
1902
1894
1903
1895
1904
1905
5072
1897
1906
1898
1907
1899
1908
1900
1909
1901
1910
1902
1911
1903
1912
1904
1913
1905
1914
1915
5144
1907
1916
1908
1917
1909
1918
1910
1919
1911
1920
1912
1921
1913
1922
1914
1923
1915
1924
1925
5216
1917
1926
1918
1927
1919
1928
1920
1929
1921
1930
1922
1931
1923
1932
1924
1933
1925
1934
1935
5288
1927
1936
1928
1937
1929
1938
1930
1939
1931
1940
1932
1941
1933
1942
1934
1943
1935
1944
1945
5360
1937
1946
1938
1947
1939
1948
1940
1949
1941
1950
1942
1951
1943
1952
1944
1953
1945
1954
1955
5432
1947
1956
1948
1957
1949
1958
1950
1959
1951
1960
1952
1961
1953
1962
1954
1963
1955
1964
1965
5504
1957
1966
1958
1967
1959
1968
1960
1969
1961
1970
1962
1971
1963
1972
1964
1973
1965
1974
1975
5576
1967
1968
1969
1970
1971
1972
1973
1974
1975
5648
1977
2048
1978
2049
1979
2050
1980
2051
1981
2052
1982
2053
1983
2054
1984
2055
1985
2056
1986
2057
1987
2058
1988
2059
1989
2060
1990
2061
1991
2062
1992
2063
1993
2064
1994
2065
1995
2066
1996
2067
1997
2068
1998
2069
1999
2070
2000
2071
2001
2072
2002
2073
2003
2074
2004
2075
2005
2076
2006
2077
2007
2078
2008
2079
2009
2080
2010
2081
2011
2082
2012
2083
2013
2084
2014
2085
2015
2086
2016
2087
2017
2088
2018
2089
2019
2090
2020
2091
2021
2092
2022
2093
2023
2094
2024
2095
2025
2096
2026
2097
2027
2098
2028
2099
2029
2100
2030
2101
2031
2102
2032
2103
2033
2104
2034
2105
2035
2106
2036
2107
2037
2108
2038
2109
2039
2110
2040
2111
2041
2112
2042
2113
2043
2114
2044
2115
2045
2116
2046
2117
2047
2118
2119
2049
2120
2050
2121
2051
2122
2052
2123
2053
2124
2054
2125
2055
2126
2056
2127
2057
2128
2058
2129
2059
2130
2060
2131
2061
2132
2062
2133
2063
2134
2064
2135
2065
2136
2066
2137
2067
2138
2068
2139
2069
2140
2070
2141
2071
2142
2072
2143
2073
2144
2074
2145
2075
2146
2076
2147
2077
2148
2078
2149
2079
2150
2080
2151
2081
2152
2082
2153
2083
2154
2084
2155
2085
2156
2086
2157
2087
2158
2088
2159
2089
2160
2090
2161
2091
2162
2092
2163
2093
2164
2094
2165
2095
2166
2096
2167
2097
2168
2098
2169
2099
2170
2100
2171
2101
2172
2102
2173
2103
2174
2104
2175
2105
2176
2106
2177
2107
2178
2108
2179
2109
2180
2110
2181
2111
2182
2112
2183
2113
2184
2114
2185
2115
2186
2116
2187
2117
2188
2118
2189
2119
2190
2191
2121
2192
2122
2193
2123
2194
2124
2195
2125
2196
2126
2197
2127
2198
2128
2199
2129
2200
2130
2201
2131
2202
2132
2203
2133
2204
2134
2205
2135
2206
2136
2207
2137
2208
2138
2209
2139
2210
2140
2211
2141
2212
2142
2213
2143
2214
2144
2215
2145
2216
2146
2217
2147
2218
2148
2219
2149
2220
2150
2221
2151
2222
2152
2223
2153
2224
2154
2225
2155
2226
2156
2227
2157
2228
2158
2229
2159
2230
2160
2231
2161
2232
2162
2233
2163
2234
2164
2235
2165
2236
2166
2237
2167
2238
2168
2239
2169
2240
2170
2241
2171
2242
2172
2243
2173
2244
2174
2245
2175
2246
2176
2247
2177
2248
2178
2249
2179
2250
2180
2251
2181
2252
2182
2253
2183
2254
2184
2255
2185
2256
2186
2257
2187
2258
2188
2259
2189
2260
2190
2261
2191
2262
2263
2193
2264
2194
2265
2195
2266
2196
2267
2197
2268
2198
2269
2199
2270
2200
2271
2201
2272
2202
2273
2203
2274
2204
2275
2205
2276
2206
2277
2207
2278
2208
2279
2209
2280
2210
2281
2211
2282
2212
2283
2213
2284
2214
2285
2215
2286
2216
2287
2217
2288
2218
2289
2219
2290
2220
2291
2221
2292
2222
2293
2223
2294
2224
2295
2225
2296
2226
2297
2227
2298
2228
2299
2229
2300
2230
2301
2231
2302
2232
2303
2233
2304
2234
2305
2235
2306
2236
2307
2237
2308
2238
2309
2239
2310
2240
2311
2241
2312
2242
2313
2243
2314
2244
2315
2245
2316
2246
2317
2247
2318
2248
2319
2249
2320
2250
2321
2251
2322
2252
2323
2253
2324
2254
2325
2255
2326
2256
2327
2257
2328
2258
2329
2259
2330
2260
2331
2261
2332
2262
2333
2263
2334
2335
2265
2336
2266
2337
2267
2338
2268
2339
2269
2340
2270
2341
2271
2342
2272
2343
2273
2344
2274
2345
2275
2346
2276
2347
2277
2348
2278
2349
2279
2350
2280
2351
2281
2352
2282
2353
2283
2354
2284
2355
2285
2356
2286
2357
2287
2358
2288
2359
2289
2360
2290
2361
2291
2362
2292
2363
2293
2364
2294
2365
2295
2366
2296
2367
2297
2368
2298
2369
2299
2370
2300
2371
2301
2372
2302
2373
2303
2374
2304
2375
2305
2376
2306
2377
2307
2378
2308
2379
2309
2380
2310
2381
2311
2382
2312
2383
2313
2384
2314
2385
2315
2386
2316
2387
2317
2388
2318
2389
2319
2390
2320
2391
2321
2392
2322
2393
2323
2394
2324
2395
2325
2396
2326
2397
2327
2398
2328
2399
2329
2400
2330
2401
2331
2402
2332
2403
2333
2404
2334
2405
2335
2406
2407
2337
2408
2338
2409
2339
2410
2340
2411
2341
2412
2342
2413
2343
2414
2344
2415
2345
2416
2346
2417
2347
2418
2348
2419
2349
2420
2350
2421
2351
2422
2352
2423
2353
2424
2354
2425
2355
2426
2356
2427
2357
2428
2358
2429
2359
2430
2360
2431
2361
2432
2362
2433
2363
2434
2364
2435
2365
2436
2366
2437
2367
2438
2368
2439
2369
2440
2370
2441
2371
2442
2372
2443
2373
2444
2374
2445
2375
2446
2376
2447
2377
2448
2378
2449
2379
2450
2380
2451
2381
2452
2382
2453
2383
2454
2384
2455
2385
2456
2386
2457
2387
2458
2388
2459
2389
2460
2390
2461
2391
2462
2392
2463
2393
2464
2394
2465
2395
2466
2396
2467
2397
2468
2398
2469
2399
2470
2400
2471
2401
2472
2402
2473
2403
2474
2404
2475
2405
2476
2406
2477
2407
2478
2479
2409
2480
2410
2481
2411
2482
2412
2483
2413
2484
2414
2485
2415
2486
2416
2487
2417
2488
2418
2489
2419
2490
2420
2491
2421
2492
2422
2493
2423
2494
2424
2495
2425
2496
2426
2497
2427
2498
2428
2499
2429
2500
2430
2501
2431
2502
2432
2503
2433
2504
2434
2505
2435
2506
2436
2507
2437
2508
2438
2509
2439
2510
2440
2511
2441
2512
2442
2513
2443
2514
2444
2515
2445
2516
2446
2517
2447
2518
2448
2519
2449
2520
2450
2521
2451
2522
2452
2523
2453
2524
2454
2525
2455
2526
2456
2527
2457
2528
2458
2529
2459
2530
2460
2531
2461
2532
2462
2533
2463
2534
2464
2535
2465
2536
2466
2537
2467
2538
2468
2539
2469
2540
2470
2541
2471
2542
2472
2543
2473
2544
2474
2545
2475
2546
2476
2547
2477
2548
2478
2549
2479
2550
2551
2481
2552
2482
2553
2483
2554
2484
2555
2485
2556
2486
2557
2487
2558
2488
2559
2489
2560
2490
2561
2491
2562
2492
2563
2493
2564
2494
2565
2495
2566
2496
2567
2497
2568
2498
2569
2499
2570
2500
2571
2501
2572
2502
2573
2503
2574
2504
2575
2505
2576
2506
2577
2507
2578
2508
2579
2509
2580
2510
2581
2511
2582
2512
2583
2513
2584
2514
2585
2515
2586
2516
2587
2517
2588
2518
2589
2519
2590
2520
2591
2521
2592
2522
2593
2523
2594
2524
2595
2525
2596
2526
2597
2527
2598
2528
2599
2529
2600
2530
2601
2531
2602
2532
2603
2533
2604
2534
2605
2535
2606
2536
2607
2537
2608
2538
2609
2539
2610
2540
2611
2541
2612
2542
2613
2543
2614
2544
2615
2545
2616
2546
2617
2547
2618
2548
2619
2549
2620
2550
2621
2551
2622
2623
2553
2624
2554
2625
2555
2626
2556
2627
2557
2628
2558
2629
2559
2630
2560
2631
2561
2632
2562
2633
2563
2634
2564
2635
2565
2636
2566
2637
2567
2638
2568
2639
2569
2640
2570
2641
2571
2642
2572
2643
2573
2644
2574
2645
2575
2646
2576
2647
2577
2648
2578
2649
2579
2650
2580
2651
2581
2652
2582
2653
2583
2654
2584
2655
2585
2656
2586
2657
2587
2658
2588
2659
2589
2660
2590
2661
2591
2662
2592
2663
2593
2664
2594
2665
2595
2666
2596
2667
2597
2668
2598
2669
2599
2670
2600
2671
2601
2672
2602
2673
2603
2674
2604
2675
2605
2676
2606
2677
2607
2678
2608
2679
2609
2680
2610
2681
2611
2682
2612
2683
2613
2684
2614
2685
2615
2686
2616
2687
2617
2688
2618
2689
2619
2690
2620
2691
2621
2692
2622
2693
2623
2694
2695
2625
2696
2626
2697
2627
2698
2628
2699
2629
2700
2630
2701
2631
2702
2632
2703
2633
2704
2634
2705
2635
2706
2636
2707
2637
2708
2638
2709
2639
2710
2640
2711
2641
2712
2642
2713
2643
2714
2644
2715
2645
2716
2646
2717
2647
2718
2648
2719
2649
2720
2650
2721
2651
2722
2652
2723
2653
2724
2654
2725
2655
2726
2656
2727
2657
2728
2658
2729
2659
2730
2660
2731
2661
2732
2662
2733
2663
2734
2664
2735
2665
2736
2666
2737
2667
2738
2668
2739
2669
2740
2670
2741
2671
2742
2672
2743
2673
2744
2674
2745
2675
2746
2676
2747
2677
2748
2678
2749
2679
2750
2680
2751
2681
2752
2682
2753
2683
2754
2684
2755
2685
2756
2686
2757
2687
2758
2688
2759
2689
2760
2690
2761
2691
2762
2692
2763
2693
2764
2694
2765
2695
2766
2767
2697
2768
2698
2769
2699
2770
2700
2771
2701
2772
2702
2773
2703
2774
2704
2775
2705
2776
2706
2777
2707
2778
2708
2779
2709
2780
2710
2781
2711
2782
2712
2783
2713
2784
2714
2785
2715
2786
2716
2787
2717
2788
2718
2789
2719
2790
2720
2791
2721
2792
2722
2793
2723
2794
2724
2795
2725
2796
2726
2797
2727
2798
2728
2799
2729
2800
2730
2801
2731
2802
2732
2803
2733
2804
2734
2805
2735
2806
2736
2807
2737
2808
2738
2809
2739
2810
2740
2811
2741
2812
2742
2813
2743
2814
2744
2815
2745
2816
2746
2817
2747
2818
2748
2819
2749
2820
2750
2821
2751
2822
2752
2823
2753
2824
2754
2825
2755
2826
2756
2827
2757
2828
2758
2829
2759
2830
2760
2831
2761
2832
2762
2833
2763
2834
2764
2835
2765
2836
2766
2837
2767
2838
2839
2769
2840
2770
2841
2771
2842
2772
2843
2773
2844
2774
2845
2775
2846
2776
2847
2777
2848
2778
2849
2779
2850
2780
2851
2781
2852
2782
2853
2783
2854
2784
2855
2785
2856
2786
2857
2787
2858
2788
2859
2789
2860
2790
2861
2791
2862
2792
2863
2793
2864
2794
2865
2795
2866
2796
2867
2797
2868
2798
2869
2799
2870
2800
2871
2801
2872
2802
2873
2803
2874
2804
2875
2805
2876
2806
2877
2807
2878
2808
2879
2809
2880
2810
2881
2811
2882
2812
2883
2813
2884
2814
2885
2815
2886
2816
2887
2817
2888
2818
2889
2819
2890
2820
2891
2821
2892
2822
2893
2823
2894
2824
2895
2825
2896
2826
2897
2827
2898
2828
2899
2829
2900
2830
2901
2831
2902
2832
2903
2833
2904
2834
2905
2835
2906
2836
2907
2837
2908
2838
2909
2839
2910
2911
2841
2912
2842
2913
2843
2914
2844
2915
2845
2916
2846
2917
2847
2918
2848
2919
2849
2920
2850
2921
2851
2922
2852
2923
2853
2924
2854
2925
2855
2926
2856
2927
2857
2928
2858
2929
2859
2930
2860
2931
2861
2932
2862
2933
2863
2934
2864
2935
2865
2936
2866
2937
2867
2938
2868
2939
2869
2940
2870
2941
2871
2942
2872
2943
2873
2944
2874
2945
2875
2946
2876
2947
2877
2948
2878
2949
2879
2950
2880
2951
2881
2952
2882
2953
2883
2954
2884
2955
2885
2956
2886
2957
2887
2958
2888
2959
2889
2960
2890
2961
2891
2962
2892
2963
2893
2964
2894
2965
2895
2966
2896
2967
2897
2968
2898
2969
2899
2970
2900
2971
2901
2972
2902
2973
2903
2974
2904
2975
2905
2976
2906
2977
2907
2978
2908
2979
2909
2980
2910
2981
2911
2982
2983
2913
2984
2914
2985
2915
2986
2916
2987
2917
2988
2918
2989
2919
2990
2920
2991
2921
2992
2922
2993
2923
2994
2924
2995
2925
2996
2926
2997
2927
2998
2928
2999
2929
3000
2930
3001
2931
3002
2932
3003
2933
3004
2934
3005
2935
3006
2936
3007
2937
3008
2938
3009
2939
3010
2940
3011
2941
3012
2942
3013
2943
3014
2944
3015
2945
3016
2946
3017
2947
3018
2948
3019
2949
3020
2950
3021
2951
3022
2952
3023
2953
3024
2954
3025
2955
3026
2956
3027
2957
3028
2958
3029
2959
3030
2960
3031
2961
3032
2962
3033
2963
3034
2964
3035
2965
3036
2966
3037
2967
3038
2968
3039
2969
3040
2970
3041
2971
3042
2972
3043
2973
3044
2974
3045
2975
3046
2976
3047
2977
3048
2978
3049
2979
3050
2980
3051
2981
3052
2982
3053
2983
3054
3055
2985
3056
2986
3057
2987
3058
2988
3059
2989
3060
2990
3061
2991
3062
2992
3063
2993
3064
2994
3065
2995
3066
2996
3067
2997
3068
2998
3069
2999
3070
3000
3071
3001
3072
3002
3073
3003
3074
3004
3075
3005
3076
3006
3077
3007
3078
3008
3079
3009
3080
3010
3081
3011
3082
3012
3083
3013
3084
3014
3085
3015
3086
3016
3087
3017
3088
3018
3089
3019
3090
3020
3091
3021
3092
3022
3093
3023
3094
3024
3095
3025
3096
3026
3097
3027
3098
3028
3099
3029
3100
3030
3101
3031
3102
3032
3103
3033
3104
3034
3105
3035
3106
3036
3107
3037
3108
3038
3109
3039
3110
3040
3111
3041
3112
3042
3113
3043
3114
3044
3115
3045
3116
3046
3117
3047
3118
3048
3119
3049
3120
3050
3121
3051
3122
3052
3123
3053
3124
3054
3125
3055
3126
3127
3057
3128
3058
3129
3059
3130
3060
3131
3061
3132
3062
3133
3063
3134
3064
3135
3065
3136
3066
3137
3067
3138
3068
3139
3069
3140
3070
3141
3071
3142
3072
3143
3073
3144
3074
3145
3075
3146
3076
3147
3077
3148
3078
3149
3079
3150
3080
3151
3081
3152
3082
3153
3083
3154
3084
3155
3085
3156
3086
3157
3087
3158
3088
3159
3089
3160
3090
3161
3091
3162
3092
3163
3093
3164
3094
3165
3095
3166
3096
3167
3097
3168
3098
3169
3099
3170
3100
3171
3101
3172
3102
3173
3103
3174
3104
3175
3105
3176
3106
3177
3107
3178
3108
3179
3109
3180
3110
3181
3111
3182
3112
3183
3113
3184
3114
3185
3115
3186
3116
3187
3117
3188
3118
3189
3119
3190
3120
3191
3121
3192
3122
3193
3123
3194
3124
3195
3125
3196
3126
3197
3127
3198
3199
3129
3200
3130
3201
3131
3202
3132
3203
3133
3204
3134
3205
3135
3206
3136
3207
3137
3208
3138
3209
3139
3210
3140
3211
3141
3212
3142
3213
3143
3214
3144
3215
3145
3216
3146
3217
3147
3218
3148
3219
3149
3220
3150
3221
3151
3222
3152
3223
3153
3224
3154
3225
3155
3226
3156
3227
3157
3228
3158
3229
3159
3230
3160
3231
3161
3232
3162
3233
3163
3234
3164
3235
3165
3236
3166
3237
3167
3238
3168
3239
3169
3240
3170
3241
3171
3242
3172
3243
3173
3244
3174
3245
3175
3246
3176
3247
3177
3248
3178
3249
3179
3250
3180
3251
3181
3252
3182
3253
3183
3254
3184
3255
3185
3256
3186
3257
3187
3258
3188
3259
3189
3260
3190
3261
3191
3262
3192
3263
3193
3264
3194
3265
3195
3266
3196
3267
3197
3268
3198
3269
3199
3270
3271
3201
3272
3202
3273
3203
3274
3204
3275
3205
3276
3206
3277
3207
3278
3208
3279
3209
3280
3210
3281
3211
3282
3212
3283
3213
3284
3214
3285
3215
3286
3216
3287
3217
3288
3218
3289
3219
3290
3220
3291
3221
3292
3222
3293
3223
3294
3224
3295
3225
3296
3226
3297
3227
3298
3228
3299
3229
3300
3230
3301
3231
3302
3232
3303
3233
3304
3234
3305
3235
3306
3236
3307
3237
3308
3238
3309
3239
3310
3240
3311
3241
3312
3242
3313
3243
3314
3244
3315
3245
3316
3246
3317
3247
3318
3248
3319
3249
3320
3250
3321
3251
3322
3252
3323
3253
3324
3254
3325
3255
3326
3256
3327
3257
3328
3258
3329
3259
3330
3260
3331
3261
3332
3262
3333
3263
3334
3264
3335
3265
3336
3266
3337
3267
3338
3268
3339
3269
3340
3270
3341
3271
3342
3343
3273
3344
3274
3345
3275
3346
3276
3347
3277
3348
3278
3349
3279
3350
3280
3351
3281
3352
3282
3353
3283
3354
3284
3355
3285
3356
3286
3357
3287
3358
3288
3359
3289
3360
3290
3361
3291
3362
3292
3363
3293
3364
3294
3365
3295
3366
3296
3367
3297
3368
3298
3369
3299
3370
3300
3371
3301
3372
3302
3373
3303
3374
3304
3375
3305
3376
3306
3377
3307
3378
3308
3379
3309
3380
3310
3381
3311
3382
3312
3383
3313
3384
3314
3385
3315
3386
3316
3387
3317
3388
3318
3389
3319
3390
3320
3391
3321
3392
3322
3393
3323
3394
3324
3395
3325
3396
3326
3397
3327
3398
3328
3399
3329
3400
3330
3401
3331
3402
3332
3403
3333
3404
3334
3405
3335
3406
3336
3407
3337
3408
3338
3409
3339
3410
3340
3411
3341
3412
3342
3413
3343
3414
3415
3345
3416
3346
3417
3347
3418
3348
3419
3349
3420
3350
3421
3351
3422
3352
3423
3353
3424
3354
3425
3355
3426
3356
3427
3357
3428
3358
3429
3359
3430
3360
3431
3361
3432
3362
3433
3363
3434
3364
3435
3365
3436
3366
3437
3367
3438
3368
3439
3369
3440
3370
3441
3371
3442
3372
3443
3373
3444
3374
3445
3375
3446
3376
3447
3377
3448
3378
3449
3379
3450
3380
3451
3381
3452
3382
3453
3383
3454
3384
3455
3385
3456
3386
3457
3387
3458
3388
3459
3389
3460
3390
3461
3391
3462
3392
3463
3393
3464
3394
3465
3395
3466
3396
3467
3397
3468
3398
3469
3399
3470
3400
3471
3401
3472
3402
3473
3403
3474
3404
3475
3405
3476
3406
3477
3407
3478
3408
3479
3409
3480
3410
3481
3411
3482
3412
3483
3413
3484
3414
3485
3415
3486
3487
3417
3488
3418
3489
3419
3490
3420
3491
3421
3492
3422
3493
3423
3494
3424
3495
3425
3496
3426
3497
3427
3498
3428
3499
3429
3500
3430
3501
3431
3502
3432
3503
3433
3504
3434
3505
3435
3506
3436
3507
3437
3508
3438
3509
3439
3510
3440
3511
3441
3512
3442
3513
3443
3514
3444
3515
3445
3516
3446
3517
3447
3518
3448
3519
3449
3520
3450
3521
3451
3522
3452
3523
3453
3524
3454
3525
3455
3526
3456
3527
3457
3528
3458
3529
3459
3530
3460
3531
3461
3532
3462
3533
3463
3534
3464
3535
3465
3536
3466
3537
3467
3538
3468
3539
3469
3540
3470
3541
3471
3542
3472
3543
3473
3544
3474
3545
3475
3546
3476
3547
3477
3548
3478
3549
3479
3550
3480
3551
3481
3552
3482
3553
3483
3554
3484
3555
3485
3556
3486
3557
3487
3558
3559
3489
3560
3490
3561
3491
3562
3492
3563
3493
3564
3494
3565
3495
3566
3496
3567
3497
3568
3498
3569
3499
3570
3500
3571
3501
3572
3502
3573
3503
3574
3504
3575
3505
3576
3506
3577
3507
3578
3508
3579
3509
3580
3510
3581
3511
3582
3512
3583
3513
3584
3514
3585
3515
3586
3516
3587
3517
3588
3518
3589
3519
3590
3520
3591
3521
3592
3522
3593
3523
3594
3524
3595
3525
3596
3526
3597
3527
3598
3528
3599
3529
3600
3530
3601
3531
3602
3532
3603
3533
3604
3534
3605
3535
3606
3536
3607
3537
3608
3538
3609
3539
3610
3540
3611
3541
3612
3542
3613
3543
3614
3544
3615
3545
3616
3546
3617
3547
3618
3548
3619
3549
3620
3550
3621
3551
3622
3552
3623
3553
3624
3554
3625
3555
3626
3556
3627
3557
3628
3558
3629
3559
3630
3631
3561
3632
3562
3633
3563
3634
3564
3635
3565
3636
3566
3637
3567
3638
3568
3639
3569
3640
3570
3641
3571
3642
3572
3643
3573
3644
3574
3645
3575
3646
3576
3647
3577
3648
3578
3649
3579
3650
3580
3651
3581
3652
3582
3653
3583
3654
3584
3655
3585
3656
3586
3657
3587
3658
3588
3659
3589
3660
3590
3661
3591
3662
3592
3663
3593
3664
3594
3665
3595
3666
3596
3667
3597
3668
3598
3669
3599
3670
3600
3671
3601
3672
3602
3673
3603
3674
3604
3675
3605
3676
3606
3677
3607
3678
3608
3679
3609
3680
3610
3681
3611
3682
3612
3683
3613
3684
3614
3685
3615
3686
3616
3687
3617
3688
3618
3689
3619
3690
3620
3691
3621
3692
3622
3693
3623
3694
3624
3695
3625
3696
3626
3697
3627
3698
3628
3699
3629
3700
3630
3701
3631
3702
3703
3633
3704
3634
3705
3635
3706
3636
3707
3637
3708
3638
3709
3639
3710
3640
3711
3641
3712
3642
3713
3643
3714
3644
3715
3645
3716
3646
3717
3647
3718
3648
3719
3649
3720
3650
3721
3651
3722
3652
3723
3653
3724
3654
3725
3655
3726
3656
3727
3657
3728
3658
3729
3659
3730
3660
3731
3661
3732
3662
3733
3663
3734
3664
3735
3665
3736
3666
3737
3667
3738
3668
3739
3669
3740
3670
3741
3671
3742
3672
3743
3673
3744
3674
3745
3675
3746
3676
3747
3677
3748
3678
3749
3679
3750
3680
3751
3681
3752
3682
3753
3683
3754
3684
3755
3685
3756
3686
3757
3687
3758
3688
3759
3689
3760
3690
3761
3691
3762
3692
3763
3693
3764
3694
3765
3695
3766
3696
3767
3697
3768
3698
3769
3699
3770
3700
3771
3701
3772
3702
3773
3703
3774
3775
3705
3776
3706
3777
3707
3778
3708
3779
3709
3780
3710
3781
3711
3782
3712
3783
3713
3784
3714
3785
3715
3786
3716
3787
3717
3788
3718
3789
3719
3790
3720
3791
3721
3792
3722
3793
3723
3794
3724
3795
3725
3796
3726
3797
3727
3798
3728
3799
3729
3800
3730
3801
3731
3802
3732
3803
3733
3804
3734
3805
3735
3806
3736
3807
3737
3808
3738
3809
3739
3810
3740
3811
3741
3812
3742
3813
3743
3814
3744
3815
3745
3816
3746
3817
3747
3818
3748
3819
3749
3820
3750
3821
3751
3822
3752
3823
3753
3824
3754
3825
3755
3826
3756
3827
3757
3828
3758
3829
3759
3830
3760
3831
3761
3832
3762
3833
3763
3834
3764
3835
3765
3836
3766
3837
3767
3838
3768
3839
3769
3840
3770
3841
3771
3842
3772
3843
3773
3844
3774
3845
3775
3846
3847
3777
3848
3778
3849
3779
3850
3780
3851
3781
3852
3782
3853
3783
3854
3784
3855
3785
3856
3786
3857
3787
3858
3788
3859
3789
3860
3790
3861
3791
3862
3792
3863
3793
3864
3794
3865
3795
3866
3796
3867
3797
3868
3798
3869
3799
3870
3800
3871
3801
3872
3802
3873
3803
3874
3804
3875
3805
3876
3806
3877
3807
3878
3808
3879
3809
3880
3810
3881
3811
3882
3812
3883
3813
3884
3814
3885
3815
3886
3816
3887
3817
3888
3818
3889
3819
3890
3820
3891
3821
3892
3822
3893
3823
3894
3824
3895
3825
3896
3826
3897
3827
3898
3828
3899
3829
3900
3830
3901
3831
3902
3832
3903
3833
3904
3834
3905
3835
3906
3836
3907
3837
3908
3838
3909
3839
3910
3840
3911
3841
3912
3842
3913
3843
3914
3844
3915
3845
3916
3846
3917
3847
3918
3919
3849
3920
3850
3921
3851
3922
3852
3923
3853
3924
3854
3925
3855
3926
3856
3927
3857
3928
3858
3929
3859
3930
3860
3931
3861
3932
3862
3933
3863
3934
3864
3935
3865
3936
3866
3937
3867
3938
3868
3939
3869
3940
3870
3941
3871
3942
3872
3943
3873
3944
3874
3945
3875
3946
3876
3947
3877
3948
3878
3949
3879
3950
3880
3951
3881
3952
3882
3953
3883
3954
3884
3955
3885
3956
3886
3957
3887
3958
3888
3959
3889
3960
3890
3961
3891
3962
3892
3963
3893
3964
3894
3965
3895
3966
3896
3967
3897
3968
3898
3969
3899
3970
3900
3971
3901
3972
3902
3973
3903
3974
3904
3975
3905
3976
3906
3977
3907
3978
3908
3979
3909
3980
3910
3981
3911
3982
3912
3983
3913
3984
3914
3985
3915
3986
3916
3987
3917
3988
3918
3989
3919
3990
3991
3921
3992
3922
3993
3923
3994
3924
3995
3925
3996
3926
3997
3927
3998
3928
3999
3929
4000
3930
4001
3931
4002
3932
4003
3933
4004
3934
4005
3935
4006
3936
4007
3937
4008
3938
4009
3939
4010
3940
4011
3941
4012
3942
4013
3943
4014
3944
4015
3945
4016
3946
4017
3947
4018
3948
4019
3949
4020
3950
4021
3951
4022
3952
4023
3953
4024
3954
4025
3955
4026
3956
4027
3957
4028
3958
4029
3959
4030
3960
4031
3961
4032
3962
4033
3963
4034
3964
4035
3965
4036
3966
4037
3967
4038
3968
4039
3969
4040
3970
4041
3971
4042
3972
4043
3973
4044
3974
4045
3975
4046
3976
4047
3977
4048
3978
4049
3979
4050
3980
4051
3981
4052
3982
4053
3983
4054
3984
4055
3985
4056
3986
4057
3987
4058
3988
4059
3989
4060
3990
4061
3991
4062
4063
3993
4064
3994
4065
3995
4066
3996
4067
3997
4068
3998
4069
3999
4070
4000
4071
4001
4072
4002
4073
4003
4074
4004
4075
4005
4076
4006
4077
4007
4078
4008
4079
4009
4080
4010
4081
4011
4082
4012
4083
4013
4084
4014
4085
4015
4086
4016
4087
4017
4088
4018
4089
4019
4090
4020
4091
4021
4092
4022
4093
4023
4094
4024
4095
4025
4096
4026
4097
4027
4098
4028
4099
4029
4100
4030
4101
4031
4102
4032
4103
4033
4104
4034
4105
4035
4106
4036
4107
4037
4108
4038
4109
4039
4110
4040
4111
4041
4112
4042
4113
4043
4114
4044
4115
4045
4116
4046
4117
4047
4118
4048
4119
4049
4120
4050
4121
4051
4122
4052
4123
4053
4124
4054
4125
4055
4126
4056
4127
4057
4128
4058
4129
4059
4130
4060
4131
4061
4132
4062
4133
4063
4134
4135
4065
4136
4066
4137
4067
4138
4068
4139
4069
4140
4070
4141
4071
4142
4072
4143
4073
4144
4074
4145
4075
4146
4076
4147
4077
4148
4078
4149
4079
4150
4080
4151
4081
4152
4082
4153
4083
4154
4084
4155
4085
4156
4086
4157
4087
4158
4088
4159
4089
4160
4090
4161
4091
4162
4092
4163
4093
4164
4094
4165
4095
4166
4096
4167
4097
4168
4098
4169
4099
4170
4100
4171
4101
4172
4102
4173
4103
4174
4104
4175
4105
4176
4106
4177
4107
4178
4108
4179
4109
4180
4110
4181
4111
4182
4112
4183
4113
4184
4114
4185
4115
4186
4116
4187
4117
4188
4118
4189
4119
4190
4120
4191
4121
4192
4122
4193
4123
4194
4124
4195
4125
4196
4126
4197
4127
4198
4128
4199
4129
4200
4130
4201
4131
4202
4132
4203
4133
4204
4134
4205
4135
4206
4207
4137
4208
4138
4209
4139
4210
4140
4211
4141
4212
4142
4213
4143
4214
4144
4215
4145
4216
4146
4217
4147
4218
4148
4219
4149
4220
4150
4221
4151
4222
4152
4223
4153
4224
4154
4225
4155
4226
4156
4227
4157
4228
4158
4229
4159
4230
4160
4231
4161
4232
4162
4233
4163
4234
4164
4235
4165
4236
4166
4237
4167
4238
4168
4239
4169
4240
4170
4241
4171
4242
4172
4243
4173
4244
4174
4245
4175
4246
4176
4247
4177
4248
4178
4249
4179
4250
4180
4251
4181
4252
4182
4253
4183
4254
4184
4255
4185
4256
4186
4257
4187
4258
4188
4259
4189
4260
4190
4261
4191
4262
4192
4263
4193
4264
4194
4265
4195
4266
4196
4267
4197
4268
4198
4269
4199
4270
4200
4271
4201
4272
4202
4273
4203
4274
4204
4275
4205
4276
4206
4277
4207
4278
4279
4209
4280
4210
4281
4211
4282
4212
4283
4213
4284
4214
4285
4215
4286
4216
4287
4217
4288
4218
4289
4219
4290
4220
4291
4221
4292
4222
4293
4223
4294
4224
4295
4225
4296
4226
4297
4227
4298
4228
4299
4229
4300
4230
4301
4231
4302
4232
4303
4233
4304
4234
4305
4235
4306
4236
4307
4237
4308
4238
4309
4239
4310
4240
4311
4241
4312
4242
4313
4243
4314
4244
4315
4245
4316
4246
4317
4247
4318
4248
4319
4249
4320
4250
4321
4251
4322
4252
4323
4253
4324
4254
4325
4255
4326
4256
4327
4257
4328
4258
4329
4259
4330
4260
4331
4261
4332
4262
4333
4263
4334
4264
4335
4265
4336
4266
4337
4267
4338
4268
4339
4269
4340
4270
4341
4271
4342
4272
4343
4273
4344
4274
4345
4275
4346
4276
4347
4277
4348
4278
4349
4279
4350
4351
4281
4352
4282
4353
4283
4354
4284
4355
4285
4356
4286
4357
4287
4358
4288
4359
4289
4360
4290
4361
4291
4362
4292
4363
4293
4364
4294
4365
4295
4366
4296
4367
4297
4368
4298
4369
4299
4370
4300
4371
4301
4372
4302
4373
4303
4374
4304
4375
4305
4376
4306
4377
4307
4378
4308
4379
4309
4380
4310
4381
4311
4382
4312
4383
4313
4384
4314
4385
4315
4386
4316
4387
4317
4388
4318
4389
4319
4390
4320
4391
4321
4392
4322
4393
4323
4394
4324
4395
4325
4396
4326
4397
4327
4398
4328
4399
4329
4400
4330
4401
4331
4402
4332
4403
4333
4404
4334
4405
4335
4406
4336
4407
4337
4408
4338
4409
4339
4410
4340
4411
4341
4412
4342
4413
4343
4414
4344
4415
4345
4416
4346
4417
4347
4418
4348
4419
4349
4420
4350
4421
4351
4422
4423
4353
4424
4354
4425
4355
4426
4356
4427
4357
4428
4358
4429
4359
4430
4360
4431
4361
4432
4362
4433
4363
4434
4364
4435
4365
4436
4366
4437
4367
4438
4368
4439
4369
4440
4370
4441
4371
4442
4372
4443
4373
4444
4374
4445
4375
4446
4376
4447
4377
4448
4378
4449
4379
4450
4380
4451
4381
4452
4382
4453
4383
4454
4384
4455
4385
4456
4386
4457
4387
4458
4388
4459
4389
4460
4390
4461
4391
4462
4392
4463
4393
4464
4394
4465
4395
4466
4396
4467
4397
4468
4398
4469
4399
4470
4400
4471
4401
4472
4402
4473
4403
4474
4404
4475
4405
4476
4406
4477
4407
4478
4408
4479
4409
4480
4410
4481
4411
4482
4412
4483
4413
4484
4414
4485
4415
4486
4416
4487
4417
4488
4418
4489
4419
4490
4420
4491
4421
4492
4422
4493
4423
4494
4495
4425
4496
4426
4497
4427
4498
4428
4499
4429
4500
4430
4501
4431
4502
4432
4503
4433
4504
4434
4505
4435
4506
4436
4507
4437
4508
4438
4509
4439
4510
4440
4511
4441
4512
4442
4513
4443
4514
4444
4515
4445
4516
4446
4517
4447
4518
4448
4519
4449
4520
4450
4521
4451
4522
4452
4523
4453
4524
4454
4525
4455
4526
4456
4527
4457
4528
4458
4529
4459
4530
4460
4531
4461
4532
4462
4533
4463
4534
4464
4535
4465
4536
4466
4537
4467
4538
4468
4539
4469
4540
4470
4541
4471
4542
4472
4543
4473
4544
4474
4545
4475
4546
4476
4547
4477
4548
4478
4549
4479
4550
4480
4551
4481
4552
4482
4553
4483
4554
4484
4555
4485
4556
4486
4557
4487
4558
4488
4559
4489
4560
4490
4561
4491
4562
4492
4563
4493
4564
4494
4565
4495
4566
4567
4497
4568
4498
4569
4499
4570
4500
4571
4501
4572
4502
4573
4503
4574
4504
4575
4505
4576
4506
4577
4507
4578
4508
4579
4509
4580
4510
4581
4511
4582
4512
4583
4513
4584
4514
4585
4515
4586
4516
4587
4517
4588
4518
4589
4519
4590
4520
4591
4521
4592
4522
4593
4523
4594
4524
4595
4525
4596
4526
4597
4527
4598
4528
4599
4529
4600
4530
4601
4531
4602
4532
4603
4533
4604
4534
4605
4535
4606
4536
4607
4537
4608
4538
4609
4539
4610
4540
4611
4541
4612
4542
4613
4543
4614
4544
4615
4545
4616
4546
4617
4547
4618
4548
4619
4549
4620
4550
4621
4551
4622
4552
4623
4553
4624
4554
4625
4555
4626
4556
4627
4557
4628
4558
4629
4559
4630
4560
4631
4561
4632
4562
4633
4563
4634
4564
4635
4565
4636
4566
4637
4567
4638
4639
4569
4640
4570
4641
4571
4642
4572
4643
4573
4644
4574
4645
4575
4646
4576
4647
4577
4648
4578
4649
4579
4650
4580
4651
4581
4652
4582
4653
4583
4654
4584
4655
4585
4656
4586
4657
4587
4658
4588
4659
4589
4660
4590
4661
4591
4662
4592
4663
4593
4664
4594
4665
4595
4666
4596
4667
4597
4668
4598
4669
4599
4670
4600
4671
4601
4672
4602
4673
4603
4674
4604
4675
4605
4676
4606
4677
4607
4678
4608
4679
4609
4680
4610
4681
4611
4682
4612
4683
4613
4684
4614
4685
4615
4686
4616
4687
4617
4688
4618
4689
4619
4690
4620
4691
4621
4692
4622
4693
4623
4694
4624
4695
4625
4696
4626
4697
4627
4698
4628
4699
4629
4700
4630
4701
4631
4702
4632
4703
4633
4704
4634
4705
4635
4706
4636
4707
4637
4708
4638
4709
4639
4710
4711
4641
4712
4642
4713
4643
4714
4644
4715
4645
4716
4646
4717
4647
4718
4648
4719
4649
4720
4650
4721
4651
4722
4652
4723
4653
4724
4654
4725
4655
4726
4656
4727
4657
4728
4658
4729
4659
4730
4660
4731
4661
4732
4662
4733
4663
4734
4664
4735
4665
4736
4666
4737
4667
4738
4668
4739
4669
4740
4670
4741
4671
4742
4672
4743
4673
4744
4674
4745
4675
4746
4676
4747
4677
4748
4678
4749
4679
4750
4680
4751
4681
4752
4682
4753
4683
4754
4684
4755
4685
4756
4686
4757
4687
4758
4688
4759
4689
4760
4690
4761
4691
4762
4692
4763
4693
4764
4694
4765
4695
4766
4696
4767
4697
4768
4698
4769
4699
4770
4700
4771
4701
4772
4702
4773
4703
4774
4704
4775
4705
4776
4706
4777
4707
4778
4708
4779
4709
4780
4710
4781
4711
4782
4783
4713
4784
4714
4785
4715
4786
4716
4787
4717
4788
4718
4789
4719
4790
4720
4791
4721
4792
4722
4793
4723
4794
4724
4795
4725
4796
4726
4797
4727
4798
4728
4799
4729
4800
4730
4801
4731
4802
4732
4803
4733
4804
4734
4805
4735
4806
4736
4807
4737
4808
4738
4809
4739
4810
4740
4811
4741
4812
4742
4813
4743
4814
4744
4815
4745
4816
4746
4817
4747
4818
4748
4819
4749
4820
4750
4821
4751
4822
4752
4823
4753
4824
4754
4825
4755
4826
4756
4827
4757
4828
4758
4829
4759
4830
4760
4831
4761
4832
4762
4833
4763
4834
4764
4835
4765
4836
4766
4837
4767
4838
4768
4839
4769
4840
4770
4841
4771
4842
4772
4843
4773
4844
4774
4845
4775
4846
4776
4847
4777
4848
4778
4849
4779
4850
4780
4851
4781
4852
4782
4853
4783
4854
4855
4785
4856
4786
4857
4787
4858
4788
4859
4789
4860
4790
4861
4791
4862
4792
4863
4793
4864
4794
4865
4795
4866
4796
4867
4797
4868
4798
4869
4799
4870
4800
4871
4801
4872
4802
4873
4803
4874
4804
4875
4805
4876
4806
4877
4807
4878
4808
4879
4809
4880
4810
4881
4811
4882
4812
4883
4813
4884
4814
4885
4815
4886
4816
4887
4817
4888
4818
4889
4819
4890
4820
4891
4821
4892
4822
4893
4823
4894
4824
4895
4825
4896
4826
4897
4827
4898
4828
4899
4829
4900
4830
4901
4831
4902
4832
4903
4833
4904
4834
4905
4835
4906
4836
4907
4837
4908
4838
4909
4839
4910
4840
4911
4841
4912
4842
4913
4843
4914
4844
4915
4845
4916
4846
4917
4847
4918
4848
4919
4849
4920
4850
4921
4851
4922
4852
4923
4853
4924
4854
4925
4855
4926
4927
4857
4928
4858
4929
4859
4930
4860
4931
4861
4932
4862
4933
4863
4934
4864
4935
4865
4936
4866
4937
4867
4938
4868
4939
4869
4940
4870
4941
4871
4942
4872
4943
4873
4944
4874
4945
4875
4946
4876
4947
4877
4948
4878
4949
4879
4950
4880
4951
4881
4952
4882
4953
4883
4954
4884
4955
4885
4956
4886
4957
4887
4958
4888
4959
4889
4960
4890
4961
4891
4962
4892
4963
4893
4964
4894
4965
4895
4966
4896
4967
4897
4968
4898
4969
4899
4970
4900
4971
4901
4972
4902
4973
4903
4974
4904
4975
4905
4976
4906
4977
4907
4978
4908
4979
4909
4980
4910
4981
4911
4982
4912
4983
4913
4984
4914
4985
4915
4986
4916
4987
4917
4988
4918
4989
4919
4990
4920
4991
4921
4992
4922
4993
4923
4994
4924
4995
4925
4996
4926
4997
4927
4998
4999
4929
5000
4930
5001
4931
5002
4932
5003
4933
5004
4934
5005
4935
5006
4936
5007
4937
5008
4938
5009
4939
5010
4940
5011
4941
5012
4942
5013
4943
5014
4944
5015
4945
5016
4946
5017
4947
5018
4948
5019
4949
5020
4950
5021
4951
5022
4952
5023
4953
5024
4954
5025
4955
5026
4956
5027
4957
5028
4958
5029
4959
5030
4960
5031
4961
5032
4962
5033
4963
5034
4964
5035
4965
5036
4966
5037
4967
5038
4968
5039
4969
5040
4970
5041
4971
5042
4972
5043
4973
5044
4974
5045
4975
5046
4976
5047
4977
5048
4978
5049
4979
5050
4980
5051
4981
5052
4982
5053
4983
5054
4984
5055
4985
5056
4986
5057
4987
5058
4988
5059
4989
5060
4990
5061
4991
5062
4992
5063
4993
5064
4994
5065
4995
5066
4996
5067
4997
5068
4998
5069
4999
5070
5071
5001
5072
5002
5073
5003
5074
5004
5075
5005
5076
5006
5077
5007
5078
5008
5079
5009
5080
5010
5081
5011
5082
5012
5083
5013
5084
5014
5085
5015
5086
5016
5087
5017
5088
5018
5089
5019
5090
5020
5091
5021
5092
5022
5093
5023
5094
5024
5095
5025
5096
5026
5097
5027
5098
5028
5099
5029
5100
5030
5101
5031
5102
5032
5103
5033
5104
5034
5105
5035
5106
5036
5107
5037
5108
5038
5109
5039
5110
5040
5111
5041
5112
5042
5113
5043
5114
5044
5115
5045
5116
5046
5117
5047
5118
5048
5119
5049
5120
5050
5121
5051
5122
5052
5123
5053
5124
5054
5125
5055
5126
5056
5127
5057
5128
5058
5129
5059
5130
5060
5131
5061
5132
5062
5133
5063
5134
5064
5135
5065
5136
5066
5137
5067
5138
5068
5139
5069
5140
5070
5141
5071
5142
5143
5073
5144
5074
5145
5075
5146
5076
5147
5077
5148
5078
5149
5079
5150
5080
5151
5081
5152
5082
5153
5083
5154
5084
5155
5085
5156
5086
5157
5087
5158
5088
5159
5089
5160
5090
5161
5091
5162
5092
5163
5093
5164
5094
5165
5095
5166
5096
5167
5097
5168
5098
5169
5099
5170
5100
5171
5101
5172
5102
5173
5103
5174
5104
5175
5105
5176
5106
5177
5107
5178
5108
5179
5109
5180
5110
5181
5111
5182
5112
5183
5113
5184
5114
5185
5115
5186
5116
5187
5117
5188
5118
5189
5119
5190
5120
5191
5121
5192
5122
5193
5123
5194
5124
5195
5125
5196
5126
5197
5127
5198
5128
5199
5129
5200
5130
5201
5131
5202
5132
5203
5133
5204
5134
5205
5135
5206
5136
5207
5137
5208
5138
5209
5139
5210
5140
5211
5141
5212
5142
5213
5143
5214
5215
5145
5216
5146
5217
5147
5218
5148
5219
5149
5220
5150
5221
5151
5222
5152
5223
5153
5224
5154
5225
5155
5226
5156
5227
5157
5228
5158
5229
5159
5230
5160
5231
5161
5232
5162
5233
5163
5234
5164
5235
5165
5236
5166
5237
5167
5238
5168
5239
5169
5240
5170
5241
5171
5242
5172
5243
5173
5244
5174
5245
5175
5246
5176
5247
5177
5248
5178
5249
5179
5250
5180
5251
5181
5252
5182
5253
5183
5254
5184
5255
5185
5256
5186
5257
5187
5258
5188
5259
5189
5260
5190
5261
5191
5262
5192
5263
5193
5264
5194
5265
5195
5266
5196
5267
5197
5268
5198
5269
5199
5270
5200
5271
5201
5272
5202
5273
5203
5274
5204
5275
5205
5276
5206
5277
5207
5278
5208
5279
5209
5280
5210
5281
5211
5282
5212
5283
5213
5284
5214
5285
5215
5286
5287
5217
5288
5218
5289
5219
5290
5220
5291
5221
5292
5222
5293
5223
5294
5224
5295
5225
5296
5226
5297
5227
5298
5228
5299
5229
5300
5230
5301
5231
5302
5232
5303
5233
5304
5234
5305
5235
5306
5236
5307
5237
5308
5238
5309
5239
5310
5240
5311
5241
5312
5242
5313
5243
5314
5244
5315
5245
5316
5246
5317
5247
5318
5248
5319
5249
5320
5250
5321
5251
5322
5252
5323
5253
5324
5254
5325
5255
5326
5256
5327
5257
5328
5258
5329
5259
5330
5260
5331
5261
5332
5262
5333
5263
5334
5264
5335
5265
5336
5266
5337
5267
5338
5268
5339
5269
5340
5270
5341
5271
5342
5272
5343
5273
5344
5274
5345
5275
5346
5276
5347
5277
5348
5278
5349
5279
5350
5280
5351
5281
5352
5282
5353
5283
5354
5284
5355
5285
5356
5286
5357
5287
5358
5359
5289
5360
5290
5361
5291
5362
5292
5363
5293
5364
5294
5365
5295
5366
5296
5367
5297
5368
5298
5369
5299
5370
5300
5371
5301
5372
5302
5373
5303
5374
5304
5375
5305
5376
5306
5377
5307
5378
5308
5379
5309
5380
5310
5381
5311
5382
5312
5383
5313
5384
5314
5385
5315
5386
5316
5387
5317
5388
5318
5389
5319
5390
5320
5391
5321
5392
5322
5393
5323
5394
5324
5395
5325
5396
5326
5397
5327
5398
5328
5399
5329
5400
5330
5401
5331
5402
5332
5403
5333
5404
5334
5405
5335
5406
5336
5407
5337
5408
5338
5409
5339
5410
5340
5411
5341
5412
5342
5413
5343
5414
5344
5415
5345
5416
5346
5417
5347
5418
5348
5419
5349
5420
5350
5421
5351
5422
5352
5423
5353
5424
5354
5425
5355
5426
5356
5427
5357
5428
5358
5429
5359
5430
5431
5361
5432
5362
5433
5363
5434
5364
5435
5365
5436
5366
5437
5367
5438
5368
5439
5369
5440
5370
5441
5371
5442
5372
5443
5373
5444
5374
5445
5375
5446
5376
5447
5377
5448
5378
5449
5379
5450
5380
5451
5381
5452
5382
5453
5383
5454
5384
5455
5385
5456
5386
5457
5387
5458
5388
5459
5389
5460
5390
5461
5391
5462
5392
5463
5393
5464
5394
5465
5395
5466
5396
5467
5397
5468
5398
5469
5399
5470
5400
5471
5401
5472
5402
5473
5403
5474
5404
5475
5405
5476
5406
5477
5407
5478
5408
5479
5409
5480
5410
5481
5411
5482
5412
5483
5413
5484
5414
5485
5415
5486
5416
5487
5417
5488
5418
5489
5419
5490
5420
5491
5421
5492
5422
5493
5423
5494
5424
5495
5425
5496
5426
5497
5427
5498
5428
5499
5429
5500
5430
5501
5431
5502
5503
5433
5504
5434
5505
5435
5506
5436
5507
5437
5508
5438
5509
5439
5510
5440
5511
5441
5512
5442
5513
5443
5514
5444
5515
5445
5516
5446
5517
5447
5518
5448
5519
5449
5520
5450
5521
5451
5522
5452
5523
5453
5524
5454
5525
5455
5526
5456
5527
5457
5528
5458
5529
5459
5530
5460
5531
5461
5532
5462
5533
5463
5534
5464
5535
5465
5536
5466
5537
5467
5538
5468
5539
5469
5540
5470
5541
5471
5542
5472
5543
5473
5544
5474
5545
5475
5546
5476
5547
5477
5548
5478
5549
5479
5550
5480
5551
5481
5552
5482
5553
5483
5554
5484
5555
5485
5556
5486
5557
5487
5558
5488
5559
5489
5560
5490
5561
5491
5562
5492
5563
5493
5564
5494
5565
5495
5566
5496
5567
5497
5568
5498
5569
5499
5570
5500
5571
5501
5572
5502
5573
5503
5574
5575
5505
5576
5506
5577
5507
5578
5508
5579
5509
5580
5510
5581
5511
5582
5512
5583
5513
5584
5514
5585
5515
5586
5516
5587
5517
5588
5518
5589
5519
5590
5520
5591
5521
5592
5522
5593
5523
5594
5524
5595
5525
5596
5526
5597
5527
5598
5528
5599
5529
5600
5530
5601
5531
5602
5532
5603
5533
5604
5534
5605
5535
5606
5536
5607
5537
5608
5538
5609
5539
5610
5540
5611
5541
5612
5542
5613
5543
5614
5544
5615
5545
5616
5546
5617
5547
5618
5548
5619
5549
5620
5550
5621
5551
5622
5552
5623
5553
5624
5554
5625
5555
5626
5556
5627
5557
5628
5558
5629
5559
5630
5560
5631
5561
5632
5562
5633
5563
5634
5564
5635
5565
5636
5566
5637
5567
5638
5568
5639
5569
5640
5570
5641
5571
5642
5572
5643
5573
5644
5574
5645
5575
5646
5647
5577
5648
5578
5649
5579
5650
5580
5651
5581
5652
5582
5653
5583
5654
5584
5655
5585
5656
5586
5657
5587
5658
5588
5659
5589
5660
5590
5661
5591
5662
5592
5663
5593
5664
5594
5665
5595
5666
5596
5667
5597
5668
5598
5669
5599
5670
5600
5671
5601
5672
5602
5673
5603
5674
5604
5675
5605
5676
5606
5677
5607
5678
5608
5679
5609
5680
5610
5681
5611
5682
5612
5683
5613
5684
5614
5685
5615
5686
5616
5687
5617
5688
5618
5689
5619
5690
5620
5691
5621
5692
5622
5693
5623
5694
5624
5695
5625
5696
5626
5697
5627
5698
5628
5699
5629
5700
5630
5701
5631
5702
5632
5703
5633
5704
5634
5705
5635
5706
5636
5707
5637
5708
5638
5709
5639
5710
5640
5711
5641
5712
5642
5713
5643
5714
5644
5715
5645
5716
5646
5717
5647
5718
5719
5649
5650
5651
5652
5653
5654
5655
5656
5657
5658
5659
5660
5661
5662
5663
5664
5665
5666
5667
5668
5669
5670
5671
5672
5673
5674
5675
5676
5677
5678
5679
5680
5681
5682
5683
5684
5685
5686
5687
5688
5689
5690
5691
5692
5693
5694
5695
5696
5697
5698
5699
5700
5701
5702
5703
5704
5705
5706
5707
5708
5709
5710
5711
5712
5713
5714
5715
5716
5717
5718
5719
)


// ************************************************************************* //
